Total AVI Frames: 104
Frames Processed: 2
endoPoints: 20
epiPoints: 31
---Frame 0---
--endo--
369	400	429	452	476	486	479	458	433	404	374	346	318	294	277	269	275	287	311	339	
408	406	397	383	354	322	294	270	250	237	235	241	254	273	300	328	356	383	401	411	
--epi--
390	419	448	474	501	519	535	542	543	538	528	511	491	466	438	406	376	347	318	291	275	259	256	252	252	257	266	283	305	331	360	
457	454	446	431	411	388	361	331	301	273	243	218	196	178	166	157	155	165	177	197	218	248	276	304	333	361	391	415	434	448	455	
---Frame 1---
--endo--
364	395	424	447	471	481	474	453	428	399	369	341	313	289	272	264	270	282	306	334	
403	401	392	378	349	317	289	265	245	232	230	236	249	268	295	323	351	378	396	406	
--epi--
385	414	443	469	496	514	530	537	538	533	523	506	486	461	433	401	371	342	313	286	270	254	251	247	247	252	261	278	300	326	355	
452	449	441	426	406	383	356	326	296	268	238	213	191	173	161	152	150	160	172	192	213	243	271	299	328	356	386	410	429	443	450	