Total AVI Frames: 104
Frames Processed: 20
endoPoints: 20
epiPoints: 31
---Frame 0---
--endo--

369	400	429	452	476	486	479	458	433	404	374	346	318	294	277	269	275	287	311	339	
408	406	397	383	354	322	294	270	250	237	235	241	254	273	300	328	356	383	401	411	
--epi--
390	419	448	474	501	519	535	542	543	538	528	511	491	466	438	406	376	347	318	291	275	259	256	252	252	257	266	283	305	331	360	
457	454	446	431	411	388	361	331	301	273	243	218	196	178	166	157	155	165	177	197	218	248	276	304	333	361	391	415	434	448	455	
---Frame 1---
--endo--
364	395	424	447	471	481	474	453	428	399	369	341	313	289	272	264	270	282	306	334	
403	401	392	378	349	317	289	265	245	232	230	236	249	268	295	323	351	378	396	406	
--epi--
385	414	443	469	496	514	530	537	538	533	523	506	486	461	433	401	371	342	313	286	270	254	251	247	247	252	261	278	300	326	355	
452	449	441	426	406	383	356	326	296	268	238	213	191	173	161	152	150	160	172	192	213	243	271	299	328	356	386	410	429	443	450	




---Frame 2---
--endo--
359	390	419	442	466	476	469	448	423	394	364	336	308	284	267	259	265	277	301	329	
398	396	387	373	344	312	284	260	240	227	225	231	244	263	290	318	346	373	391	401	
--epi--
380	409	438	464	491	509	525	532	533	528	518	501	481	456	428	396	366	337	308	281	265	249	246	242	242	247	256	273	295	321	350	
447	444	436	421	401	378	351	321	291	263	233	208	186	168	156	147	145	155	167	187	208	238	266	294	323	351	381	405	424	438	445	
---Frame 3---
--endo--
354	385	414	437	461	471	464	443	418	389	359	331	303	279	262	254	260	272	296	324	
393	391	382	368	339	307	279	255	235	222	220	226	239	258	285	313	341	368	386	396	
--epi--
375	404	433	459	486	504	520	527	528	523	513	496	476	451	423	391	361	332	303	276	260	244	241	237	237	242	251	268	290	316	345	
442	439	431	416	396	373	346	316	286	258	228	203	181	163	151	142	140	150	162	182	203	233	261	289	318	346	376	400	419	433	440	
---Frame 4---
--endo--
349	380	409	432	456	466	459	438	413	384	354	326	298	274	257	249	255	267	291	319	
388	386	377	363	334	302	274	250	230	217	215	221	234	253	280	308	336	363	381	391	
--epi--
370	399	428	454	481	499	515	522	523	518	508	491	471	446	418	386	356	327	298	271	255	239	236	232	232	237	246	263	285	311	340	
437	434	426	411	391	368	341	311	281	253	223	198	176	158	146	137	135	145	157	177	198	228	256	284	313	341	371	395	414	428	435	
---Frame 5---
--endo--
344	375	404	427	451	461	454	433	408	379	349	321	293	269	252	244	250	262	286	314	
383	381	372	358	329	297	269	245	225	212	210	216	229	248	275	303	331	358	376	386	
--epi--
365	394	423	449	476	494	510	517	518	513	503	486	466	441	413	381	351	322	293	266	250	234	231	227	227	232	241	258	280	306	335	
432	429	421	406	386	363	336	306	276	248	218	193	171	153	141	132	130	140	152	172	193	223	251	279	308	336	366	390	409	423	430	
---Frame 6---
--endo--
339	370	399	422	446	456	449	428	403	374	344	316	288	264	247	239	245	257	281	309	
378	376	367	353	324	292	264	240	220	207	205	211	224	243	270	298	326	353	371	381	
--epi--
360	389	418	444	471	489	505	512	513	508	498	481	461	436	408	376	346	317	288	261	245	229	226	222	222	227	236	253	275	301	330	
427	424	416	401	381	358	331	301	271	243	213	188	166	148	136	127	125	135	147	167	188	218	246	274	303	331	361	385	404	418	425	
---Frame 7---
--endo--
334	365	394	417	441	451	444	423	398	369	339	311	283	259	242	234	240	252	276	304	
373	371	362	348	319	287	259	235	215	202	200	206	219	238	265	293	321	348	366	376	
--epi--
355	384	413	439	466	484	500	507	508	503	493	476	456	431	403	371	341	312	283	256	240	224	221	217	217	222	231	248	270	296	325	
422	419	411	396	376	353	326	296	266	238	208	183	161	143	131	122	120	130	142	162	183	213	241	269	298	326	356	380	399	413	420	
---Frame 8---
--endo--
329	360	389	412	436	446	439	418	393	364	334	306	278	254	237	229	235	247	271	299	
368	366	357	343	314	282	254	230	210	197	195	201	214	233	260	288	316	343	361	371	
--epi--
350	379	408	434	461	479	495	502	503	498	488	471	451	426	398	366	336	307	278	251	235	219	216	212	212	217	226	243	265	291	320	
417	414	406	391	371	348	321	291	261	233	203	178	156	138	126	117	115	125	137	157	178	208	236	264	293	321	351	375	394	408	415	
---Frame 9---
--endo--
324	355	384	407	431	441	434	413	388	359	329	301	273	249	232	224	230	242	266	294	
363	361	352	338	309	277	249	225	205	192	190	196	209	228	255	283	311	338	356	366	
--epi--
345	374	403	429	456	474	490	497	498	493	483	466	446	421	393	361	331	302	273	246	230	214	211	207	207	212	221	238	260	286	315	
412	409	401	386	366	343	316	286	256	228	198	173	151	133	121	112	110	120	132	152	173	203	231	259	288	316	346	370	389	403	410	
---Frame 10---
--endo--
319	350	379	402	426	436	429	408	385	354	324	296	268	244	227	219	225	237	261	289	
358	356	347	333	304	272	244	220	200	187	185	191	204	223	250	278	306	333	351	361	
--epi--
340	369	398	424	451	469	485	492	493	488	478	461	441	416	388	356	326	297	268	241	225	209	206	202	202	207	216	233	255	281	310	
407	404	396	381	361	338	311	281	251	223	193	168	146	128	116	107	105	115	127	147	168	198	226	254	283	311	341	365	384	398	405	
---Frame 11---
--endo--
314	345	374	397	421	431	424	403	380	349	319	291	263	239	222	214	220	232	256	284	
353	351	342	328	299	267	239	215	195	182	180	186	199	218	245	273	301	328	346	356	
--epi--
335	364	393	419	446	464	480	487	488	483	473	456	436	411	383	351	321	292	263	236	220	204	201	197	197	202	211	228	250	276	305	
402	399	391	376	356	333	306	276	246	218	188	163	141	123	111	102	100	110	122	142	163	193	221	249	278	306	336	360	379	393	400	
---Frame 12---
--endo--
309	340	369	392	416	426	419	398	375	344	314	286	258	234	217	209	215	227	251	279	
348	346	337	323	294	262	234	210	190	177	175	181	194	213	240	268	296	323	341	351	
--epi--
330	359	388	414	441	459	475	482	483	478	468	451	431	406	378	346	316	287	258	231	215	199	196	192	192	197	206	223	245	271	300	
397	394	386	371	351	328	301	271	241	213	183	158	136	118	106	97	95	105	117	137	158	188	216	244	273	301	331	355	374	388	395	
---Frame 13---
--endo--
304	335	364	387	411	421	414	393	370	339	309	281	253	229	212	204	210	222	246	274	
343	341	332	318	289	257	229	205	185	172	170	176	189	208	235	263	291	318	336	346	
--epi--
325	354	383	409	436	454	470	477	478	473	463	446	426	401	373	341	311	282	253	226	210	194	191	187	187	192	201	218	240	266	295	
392	389	381	366	346	323	296	266	236	208	178	153	131	113	101	92	90	100	112	132	153	183	211	239	268	296	326	350	369	383	390	
---Frame 14---
--endo--
299	330	359	382	406	416	409	388	365	334	304	276	248	224	207	199	205	217	241	269	
338	336	327	313	284	252	224	200	180	167	165	171	184	203	230	258	286	313	331	341	
--epi--
320	349	378	404	431	449	465	472	473	468	458	441	421	396	368	336	306	277	248	221	205	189	186	182	182	187	196	213	235	261	290	
387	384	376	361	341	318	291	261	231	203	173	148	126	108	96	87	85	95	107	127	148	178	206	234	263	291	321	345	364	378	385	
---Frame 15---
--endo--
294	325	354	377	401	411	404	383	360	329	299	271	243	219	202	194	200	212	236	264	
333	331	322	308	279	247	219	195	175	162	160	166	179	198	225	253	281	308	326	336	
--epi--
315	344	373	399	426	444	460	467	468	463	453	436	416	391	363	331	301	272	243	216	200	184	181	177	177	182	191	208	230	256	285	
382	379	371	356	336	313	286	256	226	198	168	143	121	103	91	82	80	90	102	122	143	173	201	229	258	286	316	340	359	373	380	
---Frame 16---
--endo--
289	320	349	372	396	406	399	378	355	324	294	266	238	214	197	189	195	207	231	259	
328	326	317	303	274	242	214	190	170	157	155	161	174	193	220	248	276	303	321	331	
--epi--
310	339	368	394	421	439	455	462	463	458	448	431	411	386	358	326	296	267	238	211	195	179	176	172	172	177	186	203	225	251	280	
377	374	366	351	331	308	281	251	221	193	163	138	116	98	86	77	75	85	97	117	138	168	196	224	253	281	311	335	354	368	375	
---Frame 17---
--endo--
284	315	344	367	391	401	394	373	350	319	289	261	233	209	192	184	190	202	226	254	
323	321	312	298	269	237	209	185	165	152	150	156	169	188	215	243	271	298	316	326	
--epi--
305	334	363	389	416	434	450	457	458	453	443	426	406	381	353	321	291	262	233	206	190	174	171	167	167	172	181	198	220	246	275	
372	369	361	346	326	303	276	246	216	188	158	133	111	93	81	72	70	80	92	112	133	163	191	219	248	276	306	330	349	363	370	
---Frame 18---
--endo--
279	310	339	362	386	396	389	368	345	314	284	256	228	204	187	179	185	197	221	249	
318	316	307	293	264	232	204	180	160	147	145	151	164	183	210	238	266	293	311	321	
--epi--
300	329	358	384	411	429	445	452	453	448	438	421	401	376	348	316	286	257	228	201	185	169	166	162	162	167	176	193	215	241	270	
367	364	356	341	321	298	271	241	211	183	153	128	106	88	76	67	65	75	87	107	128	158	186	214	243	271	301	325	344	358	365	
---Frame 19---
--endo--
274	305	334	357	381	391	384	363	340	309	279	251	223	199	182	174	180	192	216	244	
313	311	302	288	259	227	199	175	155	142	140	146	159	178	205	233	261	288	306	316	
--epi--
295	324	353	379	406	424	440	447	448	443	433	416	396	371	343	311	283	252	223	196	180	164	161	157	157	162	171	188	210	236	265	
362	359	351	336	316	293	266	236	206	178	148	123	101	83	71	62	60	70	82	102	123	153	181	209	238	266	296	320	339	353	360	